288
417
516
542
724
731
2856
2845
3050
3081
3101
3409
3526
3658
3664
3981
4133
4216
4221
4224
4227
4290
4545
4587
4625
4711
4964
4997
5009
5015
5026
5064
5145
5175
5196
5218
5667
5670
5687
5773
5899
5921
6047
6165
6169
6299
6302
6448
6547
6566
6559
6832
6929
6990
7105
7161
7172
7198
7203
7209
7303
7357
7477
7548
7842
8045
8080
8081
8099
8367
8371
8404
8461
8466
8477
8565
8569
8610
8651
8668
8866
8886
8923
8949
9112
9362
9386
9512
9778
9781
9792
9829
9851
9879
9881
9899
9958
10056
10111
10219
10247
10265
10298
10348
10544
10641
10998
11039
11052
11089
11099
11104
11138
11155
11158
11165
11212
11260
11347
11364
11454
11524
11572
12357
12384
12397
12583
12599
12611
12670
12767
12808
12823
12857
13017
13072
13108
13162
13472
13808
14290
14524
14904
14921
15600
15935
16054
16088
16089
16093
16094
16095
16100
16107
16108
16109
16117
16136
16137
16154
